Time(Min)	T(K) 	(0 Deg.) M.S.(uV)	(0 Deg.)STD(uV)
0.0	78.8	-127.63	0.00
0.3	78.9	-127.63	0.00
0.6	79.0	-127.63	0.00
0.9	79.1	-127.63	0.00
1.2	79.3	-127.63	0.00
1.4	79.4	-127.63	0.00
1.6	79.5	-132.48	0.10
1.9	79.7	-152.14	44.16
2.1	79.8	-134.28	0.04
2.4	80.0	-132.05	0.06
2.6	80.1	-131.82	0.04
2.9	80.2	-131.68	0.03
3.1	80.3	-131.47	0.03
3.4	80.5	-131.36	0.05
3.7	80.6	-131.20	0.00
3.9	80.8	-131.04	0.02
4.2	80.9	-130.93	0.03
4.4	81.0	-130.78	0.03
4.7	81.2	-130.63	0.08
4.9	81.3	-130.54	0.07
5.2	81.4	-130.36	0.05
5.4	81.5	-130.32	0.04
5.7	81.6	-130.21	0.02
5.9	81.7	-130.07	0.04
6.2	81.9	-129.98	0.03
6.4	82.0	-129.94	0.02
6.7	82.1	-129.73	0.04
6.9	82.2	-129.59	0.05
7.2	82.3	-129.49	0.02
7.5	82.4	-129.34	0.05
7.7	82.5	-129.20	0.04
8.1	82.6	-129.07	0.04
8.3	82.8	-128.98	0.03
8.7	82.9	-128.84	0.05
9.0	83.0	-128.77	0.04
9.3	83.1	-128.59	0.05
9.7	83.2	-128.47	0.03
10.0	83.4	-128.42	0.07
10.3	83.5	-128.32	0.04
10.7	83.6	-128.16	0.07
11.0	83.7	-128.03	0.03
11.3	83.9	-127.89	0.09
11.7	84.0	-127.80	0.07
11.9	84.1	-127.74	0.05
12.2	84.2	-127.64	0.02
12.5	84.4	-127.51	0.02
12.8	84.5	-127.40	0.07
13.2	84.6	-127.34	0.02
13.5	84.7	-127.27	0.03
13.8	84.8	-127.07	0.03
14.2	84.9	-126.96	0.07
14.5	85.0	-126.84	0.07
14.8	85.2	-126.76	0.02
15.2	85.3	-126.70	0.06
15.5	85.4	-126.58	0.03
15.8	85.5	-126.48	0.03
16.2	85.6	-126.45	0.06
16.7	85.7	-126.25	0.04
17.1	85.8	-126.14	0.05
17.4	86.0	-126.06	0.04
17.7	86.1	-125.99	0.04
18.0	86.2	-125.84	0.07
18.3	86.3	-125.78	0.04
18.7	86.4	-125.75	0.00
19.0	86.5	-125.56	0.02
19.3	86.6	-125.50	0.00
19.7	86.7	-125.49	0.02
20.0	86.9	-125.34	0.02
20.3	87.0	-125.26	0.02
20.7	87.1	-125.14	0.05
21.0	87.2	-125.08	0.03
21.3	87.3	-125.02	0.03
21.7	87.4	-124.84	0.02
22.2	87.5	-124.77	0.03
22.8	87.6	-124.61	0.05
23.5	87.7	-124.42	0.07
23.7	87.9	-124.28	0.04
23.9	88.0	-124.25	0.00
24.2	88.1	-124.08	0.03
24.7	88.3	-123.97	0.03
25.0	88.4	-124.00	0.04
25.4	88.5	-123.76	0.02
25.7	88.6	-123.67	0.07
26.0	88.7	-123.53	0.04
26.3	88.8	-123.50	0.04
26.7	88.9	-123.37	0.04
27.0	89.1	-123.27	0.03
27.3	89.2	-123.22	0.03
27.7	89.3	-123.08	0.03
28.1	89.4	-122.96	0.07
28.2	89.5	-122.84	0.02
28.4	89.6	-122.66	0.05
28.7	89.7	-122.57	0.04
29.1	89.9	-122.32	0.04
29.5	90.0	-122.26	0.04
30.1	90.1	-121.99	0.04
30.7	90.2	-121.79	0.04
31.5	90.3	-121.39	0.05
31.7	90.5	-121.03	0.04
31.9	90.7	-120.84	0.02
32.1	90.8	-120.55	0.05
32.2	90.9	-120.28	0.03
32.6	91.0	-120.09	0.02
32.9	91.1	-119.50	0.04
33.2	91.2	-118.42	0.09
33.6	91.4	-117.85	0.09
33.8	91.5	-116.46	0.11
34.2	91.6	-114.59	0.11
34.6	91.7	-110.57	0.30
35.0	91.8	-95.80	0.49
35.2	92.0	-91.87	0.19
35.4	92.1	-86.09	0.26
35.7	92.2	-83.56	0.19
36.1	92.3	-76.38	0.19
36.6	92.4	-69.06	0.16
37.1	92.6	-58.19	0.05
37.4	92.8	-57.92	0.03
37.5	92.9	-57.92	0.03
37.7	93.0	-57.88	0.03
38.1	93.1	-57.90	0.04
38.6	93.2	-57.86	0.07
39.1	93.4	-57.72	0.03
39.4	93.5	-57.73	0.03
39.6	93.6	-57.67	0.03
39.9	93.7	-57.70	0.04
40.2	93.9	-57.61	0.02
40.6	94.0	-57.49	0.02
40.9	94.1	-57.49	0.02
41.2	94.2	-57.49	0.02
41.6	94.3	-57.42	0.03
41.9	94.4	-57.43	0.03
42.2	94.5	-57.24	0.02
42.7	94.6	-57.25	0.00
43.1	94.8	-57.16	0.02
43.4	94.9	-57.15	0.00
43.7	95.0	-57.16	0.02
44.2	95.1	-57.19	0.02
44.6	95.2	-57.14	0.02
45.2	95.3	-57.11	0.07
45.9	95.4	-57.15	0.04
46.2	95.6	-57.04	0.05
46.4	95.7	-56.97	0.03
46.5	95.8	-56.96	0.02
46.7	95.9	-56.83	0.04
47.0	96.0	-56.79	0.05
47.4	96.1	-56.66	0.02
47.9	96.2	-56.66	0.04
48.6	96.3	-56.60	0.06
49.0	96.5	-56.46	0.04
49.2	96.9	-56.41	0.02
49.4	97.1	-56.29	0.05
49.5	97.4	-56.25	0.00
49.7	97.5	-56.16	0.02
49.9	97.7	-56.12	0.04
50.0	97.8	-56.13	0.03
50.2	97.9	-56.14	0.02
50.4	98.0	-56.05	0.07
50.7	98.2	-56.00	0.00
51.1	98.3	-55.98	0.03
51.6	98.4	-55.93	0.04
52.0	98.5	-55.99	0.02
52.3	98.6	-55.90	0.00
52.7	98.7	-55.90	0.00
53.0	99.0	-55.76	0.05
53.2	99.2	-55.72	0.03
53.4	99.4	-55.73	0.03
53.5	99.6	-55.74	0.02
53.9	99.5	-55.74	0.02
55.0	99.6	-55.20	0.05
55.2	101.7	-54.60	0.06
55.4	103.7	-54.49	0.02
55.5	103.6	-54.92	0.03
55.7	102.1	-55.20	0.04
55.9	101.1	-55.47	0.04
56.0	100.6	-55.49	0.02
56.2	100.7	-55.12	0.03
56.5	101.5	-55.10	0.06
56.7	101.8	-55.00	0.00
56.9	102.1	-54.96	0.02
57.0	102.3	-54.90	0.00
57.2	102.4	-54.90	0.00
57.4	102.6	-54.89	0.02
57.5	102.7	-54.83	0.08
57.7	102.8	-54.83	0.04
57.9	102.9	-54.83	0.04
58.2	103.0	-54.72	0.03
58.6	103.1	-54.75	0.06
59.0	103.3	-54.70	0.00
59.3	103.4	-54.65	0.00
59.7	103.5	-54.63	0.03
60.1	103.6	-54.51	0.05
60.6	103.7	-54.49	0.02
61.2	103.8	-54.40	0.00
61.4	104.0	-54.41	0.02
61.6	104.1	-54.38	0.03
61.9	104.2	-54.39	0.02
62.2	104.3	-54.38	0.03
62.6	104.4	-54.34	0.05
63.1	104.5	-54.27	0.04
63.7	104.7	-54.25	0.06
64.5	104.8	-54.21	0.02
65.4	104.9	-54.12	0.03
65.7	104.9	-54.14	0.02
